89 826 480 799 741 862 657 150 750 677 104 360 739 480 839 634 779 99 85 229 335 789 376 753 960 699 412 268 490 636 693 138 836 126 291 495 420 771 669 969 479 115 787 881 81 351 56 586 100 651 538 812 144 467 602 487 748 854 324 864 31 868 972 155 852 417 435 873 358 747 545 304 532 504 4 849 963 178 454 681 865 213 262 878 933 55 893 506 332 12 968 195 839 98 429 337 783 297 694 750
752 171 167 238 747 222 670 352 790 144 810 961 932 38 206 330 729 201 269 410 686 604 904 68 676 234 152 37 275 365 771 780 77 930 652 939 172 840 408 846 831 995 468 5 829 667 288 664 467 443 888 940 981 306 369 643 41 356 573 664 506 589 708 362 87 307 30 570 761 627 609 353 623 819 150 823 287 502 294 211 868 823 313 56 481 223 413 61 476 652 466 495 686 977 231 908 888 600 44 681
145 311 729 804 189 131 983 705 172 907 920 63 359 428 307 622 865 943 716 593 634 87 463 658 776 680 81 799 907 396 14 701 167 676 1000 173 547 332 229 697 987 725 780 721 69 256 558 350 225 532 300 894 773 144 568 263 323 887 625 463 917 722 265 368 247 199 139 644 2 790 689 647 450 112 567 700 954 717 93 685 47 682 770 84 819 1000 869 801 604 223 959 84 494 871 346 671 699 380 769 779
787 85 887 858 616 824 758 809 152 116 999 811 365 881 785 133 706 512 357 423 303 35 935 24 79 663 781 772 737 509 458 885 639 525 960 807 445 314 79 193 577 575 250 368 825 889 788 158 792 136 749 582 170 4 561 585 741 412 75 856 28 704 787 73 946 100 144 234 899 972 941 273 515 28 553 909 750 979 127 6 437 741 122 479 391 733 703 510 546 835 196 495 786 615 572 747 271 359 171 660
508 517 482 779 415 992 659 686 31 549 640 543 799 863 538 954 327 342 291 869 816 332 445 283 549 700 242 523 770 311 271 708 339 839 402 137 160 12 556 72 493 550 272 18 197 195 125 577 630 648 247 815 17 184 305 535 696 232 132 34 689 926 647 612 639 915 815 696 485 252 32 698 544 98 155 513 106 728 983 71 284 411 104 693 911 366 141 493 915 348 231 615 561 253 276 600 851 275 866 401
165 92 873 600 232 860 516 871 278 441 400 791 420 346 133 973 796 434 996 311 918 76 99 947 603 334 63 975 410 640 918 540 458 93 670 48 959 760 953 305 77 823 214 388 130 554 660 332 905 823 117 805 325 954 985 1000 614 317 501 727 838 113 459 771 266 866 668 492 297 315 246 169 976 437 915 66 957 351 786 211 613 293 501 288 767 524 302 43 268 296 652 76 414 539 184 913 724 571 467 259
360 321 108 580 513 122 103 603 570 146 315 304 144 122 629 467 430 350 725 574 572 315 968 124 787 992 752 124 195 184 783 273 506 758 459 791 377 844 607 20 191 345 929 848 354 638 459 327 491 471 707 727 69 654 211 932 125 416 972 566 408 639 688 595 405 829 736 518 508 589 75 6 655 299 50 889 997 988 24 120 140 86 221 573 349 60 953 155 355 387 782 755 40 854 519 851 992 691 747 500
599 411 970 379 483 783 439 856 925 815 378 635 290 998 811 79 568 993 212 733 61 570 795 334 362 921 367 982 576 489 490 32 518 564 867 387 250 233 258 613 250 554 129 782 221 825 926 715 916 255 973 712 137 96 576 52 492 443 515 721 738 597 210 431 660 659 979 369 916 998 414 919 721 300 390 729 641 430 453 222 521 500 224 473 642 538 718 775 133 817 396 432 350 345 108 832 707 314 300 48
143 104 656 801 92 981 147 871 539 108 546 856 450 525 29 881 418 37 436 839 101 397 68 680 690 13 679 654 815 49 504 723 39 155 794 500 620 471 952 699 440 893 541 200 303 199 705 930 447 368 423 639 10 733 601 392 179 672 689 83 509 484 761 4 813 266 209 14 499 929 250 89 314 155 913 515 175 565 858 644 325 298 62 532 487 675 110 834 346 739 806 568 879 711 730 168 570 830 617 264
402 970 801 678 104 306 174 367 328 991 366 203 629 763 65 455 120 465 105 442 471 900 375 93 874 853 359 926 561 842 970 976 814 161 484 788 437 152 303 156 912 371 313 544 49 248 562 465 303 292 974 350 399 478 348 893 786 792 298 187 285 554 131 221 956 766 510 137 745 330 539 309 565 333 3 587 208 179 504 588 876 365 737 38 825 850 767 544 722 599 660 491 803 425 795 446 966 551 388 378
782 186 222 833 252 136 545 20 782 941 172 297 249 810 435 523 918 348 182 165 94 974 741 597 841 644 929 735 368 309 671 429 978 472 481 869 247 127 868 278 611 534 964 194 369 273 436 781 922 1000 822 291 133 369 622 527 172 732 504 593 567 119 970 651 77 132 887 829 484 326 757 132 834 268 711 257 932 118 4 514 286 323 890 542 834 688 114 776 824 771 902 938 116 342 244 15 377 373 200 741
179 114 668 23 824 847 919 864 72 964 326 55 802 109 807 755 137 850 667 748 430 317 538 773 742 706 953 518 859 129 2 917 773 810 293 614 240 477 443 120 627 536 417 932 47 157 444 792 657 788 955 246 10 788 116 575 45 126 39 571 131 295 247 775 839 578 826 780 765 769 687 844 572 193 160 883 680 861 67 383 25 781 921 157 357 185 430 135 388 987 958 746 484 138 131 407 864 548 814 17
601 569 344 214 394 808 307 958 714 166 916 205 2 251 612 52 200 902 166 296 115 480 715 438 977 469 680 422 706 218 852 500 531 715 622 746 813 759 326 575 178 65 968 509 254 213 740 218 240 875 380 952 661 798 220 947 292 632 609 24 503 528 365 719 787 342 969 1000 571 912 997 552 434 118 178 360 344 63 149 985 530 302 187 969 559 169 321 414 711 413 40 774 474 10 59 929 977 39 503 873
604 590 672 350 852 871 654 860 914 307 156 942 343 163 25 154 11 714 160 547 25 989 845 751 723 592 303 426 370 105 170 240 467 681 904 442 819 486 649 251 64 983 636 411 605 789 890 274 535 496 660 350 668 956 527 252 764 427 50 116 559 275 445 193 582 404 806 39 890 458 740 983 680 792 212 336 703 814 971 142 100 772 833 544 667 409 493 252 6 561 571 48 631 474 924 898 483 964 999 219
256 333 261 288 402 363 83 456 987 228 244 363 42 965 687 953 293 13 195 732 171 2 142 125 160 117 250 526 104 483 722 213 204 481 833 173 58 354 678 274 525 8 855 528 863 9 230 632 5 260 576 984 753 978 743 567 646 540 199 976 888 966 571 321 168 397 772 254 535 817 566 791 356 203 371 671 597 303 129 456 677 107 239 966 775 300 841 420 313 605 569 821 56 257 628 354 141 434 399 309
525 127 666 683 705 85 87 791 967 490 262 193 323 915 883 792 398 433 429 889 86 490 836 903 130 4 232 908 792 482 792 789 806 199 48 214 985 175 895 147 994 740 892 821 920 169 448 980 275 260 259 381 873 487 974 605 847 686 610 43 242 818 489 154 341 123 449 685 66 277 769 569 658 321 30 514 831 946 881 53 266 369 632 389 255 475 140 519 286 205 655 621 366 587 893 822 393 732 815 252
74 230 610 936 978 134 911 914 387 985 962 293 902 183 605 210 114 899 156 100 983 87 287 489 408 298 20 526 587 553 642 937 636 368 903 36 380 490 652 507 273 781 674 598 98 393 407 997 643 389 448 971 300 202 624 635 908 212 9 79 491 472 500 447 638 781 337 372 811 194 941 850 37 211 985 82 568 45 662 19 401 914 192 208 547 140 242 302 70 665 962 255 277 920 752 640 366 594 239 595
714 569 704 406 166 463 278 900 114 742 425 271 379 335 643 662 68 619 409 98 579 551 640 807 107 770 574 864 102 413 596 968 810 104 501 373 921 933 434 572 631 996 353 251 515 319 892 521 498 740 560 139 453 865 671 50 217 584 973 280 631 287 215 735 850 892 510 60 116 984 456 574 637 547 792 874 548 235 901 256 314 579 164 323 116 127 242 830 135 185 253 45 841 296 486 638 201 76 221 621
521 924 175 671 645 531 170 448 502 71 865 87 814 457 746 264 777 810 57 224 263 234 15 331 873 439 512 285 463 390 392 593 291 324 415 677 815 547 469 647 489 189 858 191 623 476 671 732 772 23 722 522 586 903 543 743 426 969 914 702 487 281 847 870 573 378 701 539 565 389 671 975 815 805 365 346 634 978 236 618 49 769 817 706 872 686 706 403 733 862 280 262 950 834 308 130 330 355 492 539
905 509 298 383 548 833 929 440 239 201 956 353 823 410 992 498 797 263 25 648 367 67 168 917 876 109 475 163 462 853 661 143 257 837 372 404 967 633 231 366 719 861 963 424 601 91 920 550 733 556 415 516 940 606 814 526 488 856 482 426 927 894 65 381 164 33 212 656 650 119 839 396 325 367 77 56 111 95 124 396 840 610 94 721 787 322 888 421 921 434 346 435 561 749 315 768 235 920 145 190
286 406 22 996 764 219 196 1000 577 421 26 801 206 289 785 121 547 315 5 663 902 17 745 861 300 495 967 788 760 735 820 571 75 4 73 881 191 753 70 579 179 751 996 990 347 378 101 688 934 888 272 142 753 370 448 449 894 791 902 182 509 103 791 736 911 175 533 490 346 865 471 376 942 349 165 386 773 443 123 271 172 447 741 775 256 190 618 212 141 356 187 68 123 152 570 945 616 491 11 536
50 975 553 411 617 482 773 125 513 342 528 127 877 342 168 838 433 400 71 504 338 820 862 254 500 181 865 120 342 369 195 294 300 974 781 663 669 81 100 247 599 527 872 974 637 278 951 626 802 927 292 238 198 962 701 413 77 970 881 825 80 370 948 178 506 853 483 116 102 831 348 512 173 511 883 287 167 984 175 53 666 886 734 357 836 651 891 474 146 455 282 232 400 771 721 142 796 333 45 653
757 654 369 861 755 82 886 872 848 40 489 926 506 812 100 576 468 50 278 152 142 949 11 448 304 909 41 682 617 643 376 382 302 942 859 461 409 618 343 251 712 710 496 838 759 509 104 51 672 328 812 219 759 204 497 634 475 539 954 98 888 243 64 885 382 511 261 2 953 226 394 216 682 531 176 484 147 386 916 218 491 599 917 834 121 464 880 428 828 211 579 556 268 731 825 229 398 700 74 26
7 246 156 704 347 573 827 195 784 533 67 127 290 119 705 562 901 733 549 140 417 914 80 804 242 761 812 950 16 632 372 967 27 464 947 70 352 8 643 361 409 446 727 950 507 269 457 622 825 169 764 121 207 960 848 803 944 53 347 984 568 917 778 864 688 94 960 770 917 891 529 308 139 987 561 13 865 412 224 853 511 372 625 653 672 526 160 531 900 969 628 708 13 536 140 908 962 877 531 965
78 532 355 301 878 228 583 264 58 867 938 592 172 681 427 825 286 13 849 782 836 180 501 572 747 466 595 25 193 562 446 377 698 146 508 660 77 37 906 40 288 407 507 118 692 762 145 826 523 717 685 364 892 579 89 721 346 94 926 532 979 61 137 290 412 806 638 127 815 832 384 662 662 765 194 11 201 502 366 846 247 676 754 112 344 638 688 692 789 9 782 33 784 258 687 136 754 472 551 532
279 884 235 643 735 877 685 279 137 168 331 624 976 95 206 394 134 930 329 323 31 689 695 144 349 643 841 637 252 256 723 654 416 527 829 34 783 16 917 421 566 404 112 775 610 764 836 80 207 176 596 43 130 253 1 107 516 327 661 37 935 709 693 265 416 771 673 742 192 986 831 72 871 988 521 640 455 826 56 380 850 642 500 792 151 271 910 378 356 25 290 952 324 58 678 401 790 436 295 962
793 770 523 660 769 690 144 106 262 962 515 893 451 863 546 365 905 703 623 270 648 167 460 710 223 221 701 443 257 419 1 655 767 576 361 544 998 642 234 410 62 623 412 647 281 664 955 360 343 785 752 153 525 270 412 957 492 899 811 222 452 66 150 472 430 660 905 856 648 788 726 556 877 31 966 189 508 782 871 851 356 240 845 364 264 92 411 846 201 693 319 722 95 851 349 194 830 623 212 344
561 208 801 675 864 970 94 906 111 384 715 184 832 190 601 355 419 410 141 584 639 268 343 73 183 731 296 252 132 713 980 162 972 257 55 401 516 142 172 88 796 453 292 686 804 752 380 479 703 428 402 768 455 949 487 913 12 465 480 179 232 362 419 732 399 945 464 189 235 694 182 384 378 562 19 405 436 686 356 661 13 18 128 377 201 939 570 464 767 843 314 18 667 641 351 100 42 968 201 560
509 941 173 360 462 497 557 312 606 788 97 130 716 983 675 760 232 60 756 548 214 277 318 949 132 167 523 288 463 610 27 72 954 209 144 57 390 250 934 227 415 120 703 583 475 560 326 456 499 810 156 210 770 286 897 386 405 187 233 91 435 78 373 161 625 883 51 410 851 13 195 406 944 734 561 366 435 141 501 1000 774 873 116 867 239 383 311 844 941 763 564 63 214 19 969 475 601 499 505 777
186 999 304 121 301 538 5 273 427 847 327 507 475 723 627 508 400 648 68 828 4 939 244 783 612 536 662 262 499 422 361 68 111 2 346 862 317 14 103 551 877 175 120 42 68 706 855 464 164 779 430 692 382 201 228 878 353 198 194 367 527 551 240 340 562 651 803 734 899 398 559 4 312 107 980 413 981 166 233 66 312 239 824 144 206 285 52 879 265 339 912 189 556 427 149 305 242 587 820 534
910 681 879 620 980 373 184 419 626 779 867 495 765 220 570 383 966 658 474 253 470 346 64 471 894 910 874 370 947 617 45 935 931 307 530 124 931 818 955 397 775 920 924 309 325 909 120 20 788 414 12 390 671 822 213 665 151 498 424 194 369 213 129 502 299 803 142 98 623 708 486 244 11 860 945 830 777 506 176 764 761 577 777 473 864 134 957 474 867 996 447 604 131 971 246 487 701 465 64 551
380 288 181 160 374 235 802 346 264 514 202 761 644 341 104 80 501 138 388 368 179 336 380 384 859 26 175 222 945 90 801 583 990 847 415 361 572 76 996 890 614 608 528 320 361 205 570 710 561 453 118 794 426 565 87 220 96 33 731 956 451 839 712 439 221 460 823 208 243 554 354 180 633 931 648 15 604 908 29 185 778 317 988 165 407 949 54 150 235 229 828 772 851 181 331 522 684 338 909 16
315 669 396 813 797 995 415 217 652 322 882 831 243 783 774 859 726 24 97 505 432 474 160 651 548 936 369 819 173 318 777 300 655 38 464 306 13 629 413 414 754 398 640 495 21 842 876 511 587 645 370 885 350 404 364 367 32 228 643 843 440 771 406 517 597 777 754 532 321 258 540 426 388 285 238 415 788 137 132 353 722 123 43 517 651 631 397 777 447 760 21 31 943 799 318 833 334 376 238 825
886 747 853 373 326 466 60 240 864 974 143 459 18 115 181 787 377 980 250 611 414 313 561 803 715 557 998 822 76 371 922 642 320 468 523 371 769 593 836 139 659 719 981 180 180 496 494 571 440 221 196 821 337 456 831 450 552 90 691 639 959 7 6 462 683 166 893 880 30 86 53 178 3 5 823 761 996 213 14 386 858 250 569 304 661 528 357 874 376 806 501 180 464 842 231 954 888 114 906 426
257 590 706 14 773 165 604 401 795 747 784 724 118 95 309 640 734 566 699 890 874 253 623 776 5 26 161 11 823 277 393 730 604 822 697 158 238 181 937 27 910 423 602 46 476 59 403 673 90 71 638 743 309 856 354 617 243 674 435 750 834 750 230 998 962 720 627 923 607 234 79 1000 106 38 667 232 91 699 327 84 615 324 574 237 561 966 582 896 150 94 166 968 408 32 680 835 949 226 457 847
934 344 334 275 485 869 248 107 838 802 857 764 4 140 829 821 433 120 975 455 131 232 987 127 394 886 202 160 51 267 113 827 899 358 8 842 365 619 788 996 799 394 624 226 190 730 985 406 525 67 269 27 771 742 580 814 422 859 622 930 127 79 126 287 544 770 947 451 556 29 967 201 300 297 732 509 917 539 759 127 120 644 264 429 711 39 121 402 712 14 849 187 400 895 515 231 651 73 131 762
330 539 783 941 675 860 359 15 481 192 445 827 11 658 125 907 722 200 706 501 264 161 912 403 590 741 583 683 24 768 99 488 912 3 400 617 914 59 639 916 378 528 875 686 810 478 597 557 768 889 566 585 301 25 302 734 611 859 597 62 580 897 543 93 74 925 88 342 770 80 639 482 923 689 132 973 882 711 638 940 600 226 325 778 778 218 253 911 446 995 302 564 708 435 955 148 661 245 469 902
153 750 449 472 21 6 415 639 693 441 133 167 146 747 97 512 428 928 833 453 407 477 96 877 532 825 403 245 262 671 249 903 918 234 499 976 912 407 463 563 637 246 214 993 136 175 377 237 369 172 363 710 918 14 722 7 85 138 29 906 761 496 421 473 161 651 682 218 983 986 672 288 752 339 720 451 252 513 159 733 374 103 81 687 736 839 387 733 452 816 239 370 122 828 477 184 141 350 680 896
153 632 218 114 355 478 324 359 745 454 725 399 363 689 365 475 883 251 541 493 684 578 605 423 941 738 310 984 960 780 67 317 917 455 808 386 597 12 426 797 114 937 323 339 632 410 669 776 840 114 819 941 865 224 996 60 580 789 224 195 365 710 182 758 750 690 626 223 457 355 643 195 648 996 914 86 233 469 445 329 486 988 439 74 964 713 571 621 931 167 392 584 361 229 294 418 960 71 864 82
482 990 501 551 252 158 262 134 964 32 401 590 610 138 221 80 661 660 601 992 728 306 910 177 166 942 207 665 732 443 249 250 879 997 860 164 856 126 543 975 866 143 224 376 879 755 37 755 786 478 274 575 112 191 117 679 265 732 149 874 7 459 272 761 912 221 1 823 100 494 656 841 563 572 311 82 451 681 325 649 607 741 364 501 775 182 42 554 258 549 483 376 655 80 69 979 562 811 593 854
162 573 774 468 913 611 390 240 67 929 439 1 391 192 498 83 683 112 827 198 150 806 810 841 589 147 566 400 754 85 640 957 150 20 441 100 753 62 401 40 276 27 289 611 75 354 626 826 838 954 156 524 960 28 327 575 805 802 972 600 469 2 386 287 955 476 336 832 186 717 934 357 50 452 202 918 462 800 447 286 514 134 83 751 417 909 581 144 857 367 787 726 417 70 283 947 303 605 101 119
106 648 378 830 82 879 461 536 346 210 897 680 498 360 371 256 736 491 144 60 273 871 843 884 757 734 272 905 274 13 587 240 66 8 877 91 567 838 712 841 319 211 563 900 141 828 324 510 830 56 491 508 633 136 339 770 263 746 925 361 740 347 802 956 139 399 374 858 499 170 924 756 889 403 940 451 909 351 511 305 640 525 312 471 6 940 167 966 210 421 41 808 845 937 248 533 367 986 355 653
505 371 652 924 949 625 784 523 757 670 851 12 958 323 823 353 463 659 409 301 532 747 891 803 187 220 627 974 963 487 974 670 802 670 878 619 66 298 617 937 141 165 765 81 237 695 242 158 635 509 111 180 288 154 443 661 522 105 603 133 526 14 710 751 128 848 527 351 147 78 193 868 335 533 666 684 572 681 758 78 176 158 702 611 307 19 217 941 297 991 750 583 479 456 775 894 712 541 993 270
240 43 850 263 604 688 391 262 606 252 149 322 928 760 655 997 25 897 677 681 992 388 534 117 334 397 672 949 4 971 577 399 105 907 634 436 629 767 160 18 742 91 255 460 554 543 547 695 17 158 560 617 79 875 769 635 326 599 654 199 288 975 903 660 750 569 411 53 542 589 18 838 651 615 465 452 555 49 630 15 753 723 909 571 796 69 428 676 936 80 536 988 354 335 989 732 828 530 576 795
444 747 147 728 887 54 193 535 945 425 342 752 220 343 751 730 944 200 894 845 678 786 684 472 641 408 247 155 812 320 633 604 69 730 799 815 380 654 670 860 811 876 111 601 390 392 859 1000 834 836 2 148 607 163 547 821 308 468 588 255 358 673 491 357 135 649 990 534 794 462 64 298 801 617 818 712 48 756 830 489 128 864 857 982 970 483 245 45 118 33 244 807 226 350 424 590 750 19 801 791
615 563 680 704 148 380 791 100 759 793 166 790 409 610 293 673 2 213 851 265 647 149 665 968 849 924 525 353 477 612 693 606 802 606 748 149 356 932 886 356 848 928 360 908 634 117 829 385 359 663 184 205 398 119 724 266 462 731 137 200 553 321 920 770 213 58 695 313 597 261 972 842 865 787 847 481 526 908 619 403 872 841 95 553 552 210 234 385 759 983 43 199 581 970 622 415 788 591 36 194
905 164 994 571 707 362 881 502 271 744 435 698 502 538 267 278 874 795 406 956 115 42 103 152 833 395 540 405 428 83 654 749 193 201 321 614 282 21 51 704 964 928 930 756 935 515 70 95 224 523 522 1 248 186 386 99 83 178 36 647 800 647 972 733 752 728 824 536 717 124 474 966 849 386 359 610 40 833 238 590 167 175 266 194 290 201 243 458 981 748 207 542 870 183 489 531 206 81 940 113
47 574 442 656 70 2 762 787 60 485 229 29 841 580 681 583 672 794 469 12 508 561 920 645 391 821 615 591 768 696 792 785 765 128 348 993 981 412 534 468 313 116 610 101 684 35 815 749 529 791 364 696 392 873 624 402 361 394 648 604 997 320 835 61 819 568 904 840 8 878 598 71 584 823 846 302 941 693 956 585 228 67 456 264 442 313 92 545 772 928 198 696 156 691 246 266 496 993 552 420
418 938 275 575 502 466 332 615 975 974 447 23 366 336 274 743 660 23 430 973 404 505 229 718 131 995 420 128 57 281 985 37 273 501 316 961 462 768 837 400 680 223 629 117 406 645 575 953 350 303 68 526 630 494 934 27 781 686 460 838 91 732 508 772 266 736 794 998 763 308 386 965 16 37 523 502 433 320 85 469 960 977 440 315 777 515 298 170 916 161 422 636 691 956 339 631 440 954 594 145
485 978 910 380 41 932 503 778 481 354 94 237 510 582 12 983 370 253 200 826 802 9 249 500 325 227 997 185 672 447 422 460 259 597 713 869 974 11 190 571 237 502 523 535 424 411 837 443 274 654 756 203 524 339 70 832 857 608 877 639 802 901 224 111 304 96 438 305 58 469 489 416 857 848 67 391 872 225 262 551 356 384 798 506 454 221 822 971 727 157 38 538 897 184 942 25 578 681 186 75
284 701 529 163 788 29 688 935 15 619 492 619 683 288 459 758 781 267 541 740 180 749 416 829 704 926 764 952 663 421 666 710 911 384 297 432 875 341 773 182 397 367 625 199 605 647 750 861 514 227 668 598 789 822 325 904 410 38 14 580 496 203 881 442 454 12 871 565 627 417 359 830 529 658 695 970 40 863 353 335 770 758 689 296 550 437 180 778 431 229 274 937 84 210 510 487 503 388 526 191
271 863 718 998 898 148 761 243 449 952 370 458 578 994 132 555 936 958 370 520 747 723 905 975 83 301 688 702 709 143 926 888 672 262 965 844 389 213 155 522 898 641 336 465 235 134 968 392 423 988 778 2 831 369 505 386 945 7 542 362 30 414 672 982 609 206 806 428 52 73 460 621 264 145 234 293 785 818 369 402 344 95 269 187 78 789 394 27 987 176 314 809 585 969 849 362 992 116 137 542
748 244 743 463 672 22 44 664 113 220 689 187 653 72 374 322 673 425 186 388 355 378 742 219 597 164 318 380 751 531 703 601 796 657 324 627 945 627 926 277 259 292 93 978 940 198 638 856 622 193 881 478 284 730 68 416 536 513 637 541 67 237 592 106 599 521 556 425 113 855 290 329 108 24 924 785 957 779 287 506 164 449 521 309 928 461 954 913 557 797 610 608 61 544 796 989 739 479 749 949
970 379 895 838 766 310 60 940 630 267 78 277 755 639 356 401 144 779 423 638 18 64 503 398 965 573 746 94 485 66 511 658 43 578 828 614 620 806 404 295 388 943 810 678 282 842 623 577 43 25 855 71 409 350 918 446 473 981 735 280 933 157 217 262 657 235 830 171 96 199 21 309 817 421 515 628 781 519 90 734 949 415 173 458 953 62 643 847 898 954 160 205 821 38 1 69 241 719 649 194
320 691 315 625 857 848 790 626 276 305 775 770 67 648 963 623 688 586 988 2 916 264 587 167 88 643 139 702 107 441 18 905 122 62 338 417 87 444 515 56 779 855 196 844 26 494 802 353 939 179 410 322 598 363 867 637 324 229 639 22 294 787 251 365 490 55 457 246 471 163 33 222 129 725 386 701 661 785 619 60 841 851 908 984 940 868 794 24 206 697 348 552 341 552 967 472 582 740 865 302
393 623 509 624 723 154 183 502 28 925 691 971 744 580 637 97 569 481 874 949 98 763 278 10 93 713 710 182 524 72 563 183 916 358 642 667 259 270 136 330 883 428 452 180 243 633 676 119 598 770 159 900 730 396 768 302 456 746 906 873 89 767 754 281 470 191 510 712 760 27 535 440 529 520 497 725 154 508 530 17 946 725 684 875 634 411 653 828 432 234 523 385 90 660 83 426 734 928 841 850
883 480 243 186 176 509 11 12 619 79 937 321 58 620 221 135 869 952 252 612 705 160 980 888 476 225 445 303 629 237 553 911 197 954 506 787 310 90 620 316 925 173 893 147 891 731 855 191 463 5 687 491 626 531 91 147 896 706 229 238 953 927 981 974 880 401 697 182 597 839 719 851 91 323 791 223 508 532 702 315 521 952 265 591 490 701 909 892 419 953 313 48 616 794 997 374 541 781 283 462
740 463 223 307 54 939 504 786 230 712 878 270 372 722 341 598 724 321 300 746 803 619 351 271 393 617 420 956 252 239 104 357 781 48 407 417 812 352 909 228 973 578 774 259 799 941 726 999 7 380 99 14 858 901 623 893 26 39 333 84 52 407 863 605 979 215 751 154 123 691 346 74 491 139 222 472 174 837 2 378 713 261 548 59 514 453 726 403 317 801 903 172 16 216 486 734 167 193 339 162
550 959 976 179 403 224 270 876 512 19 950 738 361 692 309 421 928 988 392 912 184 810 180 314 309 182 918 977 646 854 955 845 268 318 348 504 351 590 277 950 643 651 250 533 99 97 779 749 792 649 912 399 42 586 458 859 692 320 855 910 617 302 850 727 779 605 234 410 976 978 665 962 705 992 522 519 276 143 906 974 192 514 498 294 855 8 606 163 152 257 531 999 506 220 190 628 220 582 859 921
21 5 337 821 780 176 371 876 732 871 885 890 130 705 593 855 613 208 849 239 670 10 186 993 176 200 122 918 76 583 706 786 117 445 399 615 278 510 143 213 148 498 854 67 639 130 900 551 171 726 930 980 442 436 514 939 275 234 839 220 632 269 263 927 957 109 78 269 599 947 995 178 649 958 718 806 367 501 747 993 781 957 207 784 197 998 725 581 126 161 557 781 940 185 771 91 875 811 65 594
583 810 245 343 514 556 621 378 587 763 558 558 306 147 625 253 858 379 778 928 842 519 587 772 192 88 245 323 902 845 733 445 278 890 903 854 885 978 424 997 545 844 678 997 529 460 783 92 979 4 157 409 201 643 653 514 903 704 77 763 70 770 896 10 616 130 550 538 870 376 230 680 983 341 224 480 293 383 955 462 274 565 388 306 149 128 960 674 118 381 386 472 163 313 841 498 116 445 938 366
134 836 475 636 298 552 451 490 553 46 475 392 480 225 75 110 451 733 693 481 77 231 754 737 98 894 105 136 291 72 636 841 368 363 210 954 260 452 498 358 241 229 33 339 722 144 919 180 262 856 686 558 581 944 813 194 231 234 648 328 751 814 851 672 51 276 768 917 872 522 889 40 751 273 723 415 878 787 484 407 536 124 56 850 531 133 207 477 612 336 136 413 711 720 424 696 692 733 130 626
23 964 724 132 163 917 301 166 278 510 681 16 604 403 532 34 241 961 786 552 264 468 564 922 715 843 356 923 413 498 876 884 825 518 105 884 569 447 308 365 957 439 387 819 371 651 760 377 595 933 751 308 880 350 984 371 811 337 282 325 811 748 669 728 322 559 444 520 677 216 282 650 983 404 539 149 590 569 217 44 456 445 309 474 901 515 223 8 599 827 738 102 165 891 292 109 294 156 834 932
972 76 876 272 654 120 689 160 767 636 241 262 710 472 510 978 415 227 346 866 755 333 226 226 465 380 867 958 916 197 710 442 106 175 727 31 271 818 453 855 356 472 425 996 394 954 472 808 156 89 568 33 56 89 676 293 649 676 3 900 309 54 464 12 580 962 965 557 812 789 981 712 690 838 479 240 797 741 512 305 557 125 533 201 676 909 752 569 61 859 11 320 122 115 389 516 124 337 879 726
609 210 653 864 812 23 558 534 101 674 70 665 62 340 623 172 273 491 282 255 276 137 774 442 97 388 224 605 967 85 544 747 861 769 865 132 119 141 574 67 575 868 220 279 831 506 196 726 431 123 123 361 86 463 450 632 998 930 794 272 291 614 130 827 477 946 443 303 821 167 245 952 175 336 879 507 876 298 226 467 361 755 117 927 222 634 756 779 796 631 868 280 264 384 221 886 53 340 615 115
458 251 22 834 601 786 994 497 390 857 127 505 585 914 129 198 33 779 239 928 21 984 376 283 679 45 74 140 776 755 841 410 541 578 838 514 337 783 781 211 593 96 725 902 703 323 241 891 443 366 297 747 761 918 11 256 490 875 401 711 936 121 998 919 391 631 3 97 418 576 763 315 602 344 954 629 955 243 826 452 680 410 385 408 405 987 985 150 158 235 660 662 806 518 763 371 424 454 565 219
783 739 168 384 430 265 98 263 8 866 647 476 224 480 992 602 76 107 766 60 861 871 814 688 361 303 357 416 2 767 362 786 803 299 433 351 237 104 461 614 894 969 919 979 735 897 292 646 358 361 831 538 983 90 120 708 521 654 438 445 164 884 55 396 175 873 258 451 396 170 97 69 398 150 570 508 416 863 365 804 933 301 488 597 290 877 215 688 444 746 167 450 634 827 276 14 381 51 308 218
804 79 520 569 870 805 464 576 677 376 507 535 498 771 103 394 880 398 267 931 212 761 15 924 453 641 449 671 517 602 503 218 29 240 864 607 953 663 652 506 87 155 492 786 851 929 232 748 364 354 408 196 136 681 170 80 104 819 774 565 944 147 646 147 171 575 72 682 272 366 105 51 671 858 440 351 854 402 560 398 637 707 212 301 15 238 553 988 536 696 830 351 554 297 966 512 222 366 453 471
278 720 72 130 409 795 360 855 466 735 365 536 466 1 446 2 123 57 204 843 254 210 974 215 991 617 100 445 582 619 455 858 767 954 928 797 944 764 639 934 478 257 42 62 816 222 474 903 361 599 2 511 150 491 2 116 470 740 515 784 177 732 959 459 769 513 588 605 299 323 989 617 184 558 784 252 95 353 27 441 27 546 928 835 722 910 91 408 959 860 994 698 861 625 138 452 606 534 413 672
920 144 385 666 522 329 200 265 389 596 92 345 267 679 783 525 858 176 467 337 441 790 992 102 163 645 563 128 954 446 945 4 274 426 524 409 496 170 705 885 299 866 480 717 451 587 570 216 405 415 56 881 543 624 208 97 20 917 433 901 671 686 504 811 257 278 885 835 462 740 393 138 633 894 285 137 318 309 595 242 231 384 68 500 657 781 645 314 536 269 75 836 677 477 312 889 292 46 14 338
34 596 132 754 670 146 516 474 185 636 614 499 73 889 989 485 194 934 541 867 617 581 932 943 303 131 25 870 46 75 501 65 281 235 46 700 760 280 357 413 395 554 711 204 943 399 395 438 172 163 313 475 63 836 813 898 835 203 993 208 766 681 466 435 523 864 842 607 992 995 654 953 985 116 860 844 782 649 295 740 679 299 64 205 640 895 802 281 784 421 899 109 681 52 992 731 452 223 643 454
293 694 314 812 607 753 351 439 986 755 177 750 84 613 414 836 638 523 853 995 888 8 213 13 429 315 304 809 23 556 854 938 695 812 569 153 464 697 499 740 419 990 84 562 440 889 568 981 744 333 61 333 491 37 687 586 93 329 814 369 770 691 378 497 728 203 932 592 387 22 225 931 697 80 506 952 557 335 344 151 186 359 108 896 65 250 792 451 35 635 113 338 627 359 25 352 268 354 476 125
198 138 588 317 386 721 5 918 45 636 796 736 311 606 369 494 561 933 490 698 850 872 470 801 46 65 46 502 448 878 175 780 955 913 754 9 525 218 5 212 387 388 972 231 43 931 90 574 475 498 34 849 201 686 128 349 648 292 112 741 910 928 314 945 974 198 984 838 628 7 22 211 472 881 955 976 220 646 164 266 312 46 359 863 844 801 441 598 429 236 429 877 248 439 781 503 35 154 326 854
28 273 928 451 614 662 528 389 208 985 511 557 971 576 207 198 463 833 126 716 173 717 982 633 358 747 159 660 645 728 266 143 783 720 263 937 364 630 349 112 519 247 106 200 425 605 653 805 613 457 814 498 300 336 407 998 763 607 666 383 306 127 775 473 334 422 835 809 151 933 317 86 979 827 294 615 822 792 845 109 636 253 726 29 711 195 521 620 839 419 582 700 710 908 92 41 906 602 14 223
632 787 80 295 641 150 506 250 51 171 623 114 650 512 384 423 361 331 218 246 37 997 107 590 658 592 964 59 47 553 245 608 367 392 672 170 561 579 266 372 478 917 882 178 527 224 957 802 39 686 343 858 295 951 676 750 365 13 515 496 69 688 606 714 998 153 662 76 619 494 335 583 777 92 621 791 25 675 816 381 277 170 902 793 94 790 147 711 17 858 480 651 745 23 470 336 925 415 53 923
493 425 749 322 614 562 363 189 312 417 675 801 927 494 599 533 147 435 858 726 590 142 105 564 507 178 9 574 217 186 232 125 40 281 82 821 542 897 397 543 61 638 152 248 19 799 343 761 474 496 688 273 545 763 187 965 643 108 672 87 621 252 141 160 493 516 344 472 461 80 799 618 250 454 177 401 569 822 575 802 551 782 277 617 287 309 301 512 890 632 629 983 715 105 132 670 894 461 55 729
957 469 465 401 189 36 617 965 225 342 676 28 127 365 289 148 2 588 383 153 993 859 512 995 572 440 951 468 864 155 230 5 991 602 480 954 586 504 704 125 553 158 459 530 65 254 162 103 33 748 604 13 234 994 710 921 783 392 305 90 499 371 29 481 363 99 154 436 23 333 782 510 771 34 841 420 515 74 365 313 305 987 287 601 879 140 810 772 650 705 691 962 896 680 326 696 122 391 943 399
723 565 487 429 936 942 665 537 252 333 61 386 23 318 334 824 843 156 672 818 718 930 715 492 875 467 260 797 28 540 340 87 552 512 606 574 664 25 18 298 640 380 301 866 344 260 648 86 528 959 329 815 816 213 552 746 549 988 561 202 746 112 616 320 682 585 157 406 858 559 329 23 180 39 623 362 270 601 378 962 115 973 791 64 217 711 286 467 496 884 159 50 119 921 737 518 112 470 723 741
191 940 967 610 343 27 163 209 360 512 531 104 425 552 193 914 151 722 141 40 909 641 397 521 353 512 801 387 77 941 663 949 685 885 951 681 294 736 758 31 285 528 949 233 726 7 335 363 604 673 137 184 891 865 454 59 157 557 254 498 146 211 666 150 79 705 507 155 158 276 462 751 738 123 914 10 615 60 730 637 266 387 716 974 697 40 758 741 539 739 698 48 141 242 417 34 71 134 777 352
119 222 509 539 694 378 820 881 799 920 539 829 208 208 854 699 389 225 771 755 58 679 102 978 268 567 346 4 585 164 225 582 495 163 823 60 471 40 331 551 553 738 479 705 992 317 528 643 285 737 638 992 615 221 780 699 292 875 804 551 546 838 629 381 843 582 989 280 758 889 718 258 512 126 213 575 88 174 579 23 327 235 213 837 361 233 624 385 305 929 574 489 441 342 791 852 239 899 599 160
21 345 383 110 946 680 810 839 259 163 708 713 105 29 138 920 207 942 620 625 639 633 31 803 814 124 820 66 456 383 481 467 252 651 379 517 84 438 66 113 969 572 704 878 49 182 830 839 97 143 743 521 841 589 435 321 893 47 382 630 97 228 6 84 430 834 924 626 687 623 85 504 623 586 863 642 979 896 367 231 481 58 827 862 764 566 851 926 898 350 540 555 756 373 67 232 877 648 458 42
350 717 19 4 169 517 933 341 430 823 110 217 556 480 890 846 349 151 144 981 768 73 877 909 568 74 365 962 287 518 592 476 426 855 385 379 893 682 402 347 870 765 623 292 137 188 201 465 784 117 332 568 17 360 888 770 937 900 190 91 807 732 840 783 633 773 248 499 494 390 113 14 68 132 792 836 446 894 407 906 383 568 742 387 908 229 310 400 825 200 448 482 984 839 583 721 677 385 644 617
335 922 444 461 27 561 726 337 208 477 967 757 162 566 256 237 428 100 2 395 469 116 307 319 781 188 306 574 841 594 964 275 786 369 801 174 456 701 656 775 848 717 2 841 429 20 144 809 615 632 235 283 298 851 189 253 345 934 246 720 223 661 634 742 72 906 63 497 39 549 471 831 863 445 325 117 790 341 976 622 614 87 761 27 468 145 529 109 884 101 854 287 313 340 960 790 259 906 379 427
69 356 161 915 10 105 496 587 255 763 350 923 35 897 818 593 209 235 413 301 615 718 252 877 990 813 138 952 47 3 623 946 89 145 879 631 56 963 125 507 341 181 640 898 284 758 323 875 152 76 745 96 786 734 190 789 352 746 74 598 166 194 774 148 413 641 609 647 413 790 480 517 158 752 483 303 499 856 780 164 206 12 945 275 848 154 340 271 773 610 807 242 644 310 163 942 815 160 477 94
925 941 255 615 8 753 535 855 18 930 301 762 980 840 218 218 131 722 982 310 674 312 63 319 958 67 909 927 262 776 914 157 478 824 942 784 513 584 672 856 946 946 689 529 855 253 404 39 2 797 945 750 322 412 900 897 504 882 565 517 829 82 599 232 207 868 919 630 766 20 559 968 557 314 763 952 603 921 923 653 412 129 38 565 531 88 168 705 439 622 185 503 740 369 83 270 238 733 797 330
399 280 136 476 324 877 627 957 632 494 817 333 356 241 730 41 750 76 500 923 169 268 298 593 311 373 259 378 113 882 685 85 46 166 951 766 759 783 569 162 80 189 373 587 95 393 902 851 228 743 880 496 11 468 867 355 173 396 905 699 913 462 714 304 32 787 92 342 382 556 129 752 38 416 869 659 937 819 317 429 340 562 86 861 298 245 493 652 383 611 637 224 553 513 209 225 109 251 159 833
47 820 635 901 232 664 95 753 389 842 206 251 147 837 492 663 186 953 742 507 653 853 434 750 734 243 875 89 291 735 180 458 35 813 361 455 950 601 974 339 599 696 108 156 537 417 307 272 386 761 236 853 306 901 989 771 50 423 885 721 453 207 620 928 583 45 548 845 836 416 508 156 343 536 692 280 281 238 868 65 493 195 749 566 365 248 599 810 168 576 132 511 441 387 170 990 275 471 176 705
395 421 755 589 804 597 71 370 590 582 399 359 942 106 172 427 641 908 575 86 876 503 950 727 464 752 313 976 777 445 534 479 936 236 511 615 355 679 340 928 41 2 670 257 144 83 976 197 424 850 524 324 466 560 206 553 984 458 939 933 133 232 843 510 571 3 348 190 482 721 127 252 465 772 920 228 852 305 451 556 630 769 820 556 217 567 178 871 426 491 939 174 187 78 341 755 503 393 899 796
201 374 307 174 679 38 480 481 694 729 968 820 155 400 57 901 739 738 395 593 725 690 365 248 61 54 110 240 894 900 735 299 828 450 306 180 656 130 282 930 161 689 535 325 170 801 183 779 683 460 933 595 453 391 529 830 30 995 771 540 37 115 843 90 900 47 78 688 720 889 483 507 724 672 852 413 763 270 854 909 125 417 797 280 641 858 2 580 301 667 574 377 334 849 69 862 944 401 675 443
540 952 459 791 114 736 427 777 954 59 367 801 336 227 638 448 69 518 958 613 72 804 222 599 80 597 789 308 547 395 333 713 941 132 494 698 516 19 737 524 456 768 240 967 128 90 972 629 733 554 165 917 972 479 610 489 677 226 941 164 940 118 835 182 178 25 745 728 103 636 816 152 44 279 531 637 167 256 594 946 712 689 361 968 556 846 452 558 681 194 767 614 405 206 768 518 532 359 663 329
184 417 582 773 155 392 334 38 793 265 352 945 209 242 143 708 682 468 721 809 412 322 421 146 358 711 443 116 906 127 458 227 22 182 115 967 778 59 289 466 539 318 233 851 202 23 143 975 427 394 645 80 596 384 97 229 385 140 855 225 481 915 476 442 262 465 432 707 389 633 721 863 65 702 968 9 977 547 734 436 212 155 586 258 447 996 560 501 68 401 904 587 611 933 161 651 16 16 666 430
152 455 325 915 882 542 7 753 141 659 250 807 776 196 947 46 28 478 255 424 951 83 519 58 102 523 893 130 318 963 797 996 815 944 401 747 430 296 277 660 273 66 327 644 807 148 371 981 594 626 520 938 227 532 330 149 126 277 129 490 191 371 922 953 186 87 524 614 557 823 263 774 69 580 861 27 850 398 867 361 145 345 969 237 574 564 274 42 152 776 171 968 600 453 435 452 455 405 840 310
744 134 117 785 763 992 937 521 17 967 634 666 648 605 993 546 64 789 629 927 387 672 446 729 849 898 561 164 614 78 207 157 176 349 436 674 202 143 598 423 122 603 687 466 736 276 352 196 809 46 428 214 674 169 299 479 9 419 165 808 368 469 942 659 358 352 992 287 246 94 206 44 725 48 542 647 227 670 182 117 811 388 668 124 132 346 111 358 531 266 496 938 58 584 188 711 388 289 380 742
554 185 628 256 738 785 556 636 931 900 717 419 487 642 916 946 524 64 782 332 536 365 87 732 629 737 539 495 93 289 593 875 949 93 460 275 950 950 160 533 475 631 88 793 577 411 198 527 300 288 853 650 937 927 461 173 348 635 10 231 317 169 572 337 938 363 382 510 786 80 856 150 574 404 207 444 220 181 269 971 736 960 417 244 633 323 204 311 117 753 156 369 597 392 546 833 725 498 297 656
544 32 143 286 73 922 336 603 210 928 872 590 949 71 831 16 493 698 692 173 33 389 460 60 854 830 497 458 33 393 256 251 521 411 193 561 221 366 575 697 870 513 756 699 370 581 713 912 559 92 700 664 980 662 299 476 380 841 590 328 898 109 516 139 5 334 376 101 461 139 173 807 291 633 322 573 196 127 253 785 165 70 671 858 366 938 981 456 297 755 698 893 435 744 395 606 896 487 363 947
473 980 671 953 931 575 624 687 740 943 821 247 210 895 73 661 792 783 633 574 962 20 256 34 62 616 484 795 225 613 530 514 417 526 920 446 116 457 518 584 671 965 47 514 701 665 973 130 39 663 9 187 212 576 847 731 298 609 139 972 89 830 853 769 581 24 971 419 170 850 840 920 331 135 728 496 204 335 254 284 706 1000 99 509 267 516 938 384 963 636 374 802 345 483 330 180 213 314 948 716
312 915 474 388 437 704 459 874 531 544 905 597 127 194 290 743 183 510 122 53 553 10 891 260 475 511 965 292 134 471 182 525 812 451 933 322 95 910 701 490 392 994 452 207 835 427 51 376 906 998 123 17 435 796 396 44 98 406 215 173 571 59 18 93 543 894 646 208 693 679 601 950 324 198 165 573 19 617 116 880 486 988 796 78 296 296 470 635 265 992 153 952 126 987 749 481 552 865 693 809
449 630 295 647 20 688 283 89 167 847 671 475 201 29 946 955 64 954 208 610 289 418 210 382 231 131 723 587 63 310 766 377 693 651 522 994 16 901 767 622 469 75 691 405 942 828 354 717 25 966 33 6 801 94 847 703 255 153 542 677 722 532 120 809 177 359 350 135 655 170 414 772 468 317 71 804 361 460 29 789 721 584 65 184 569 38 749 704 902 434 744 903 186 252 84 701 696 399 874 44
417 187 945 403 186 961 290 394 18 146 451 249 174 459 545 675 221 883 616 303 821 784 667 596 508 283 705 229 586 560 446 127 90 933 891 149 509 92 806 617 228 387 186 881 234 542 747 928 45 32 647 438 124 948 996 216 517 378 745 129 48 97 698 719 177 552 15 411 26 818 743 986 30 551 423 385 415 219 132 583 687 541 77 317 502 963 629 993 491 127 160 87 684 290 214 897 240 748 588 514
204 22 41 426 967 946 46 163 612 583 454 940 94 661 611 695 17 506 202 697 510 528 280 434 529 941 607 664 268 534 633 415 697 84 523 261 48 466 479 31 389 147 671 425 44 550 322 479 718 497 317 548 943 821 222 56 303 371 140 508 736 68 788 731 932 32 623 203 62 887 503 847 266 812 790 417 662 742 366 181 786 198 796 3 871 388 508 52 641 251 159 795 705 881 21 806 585 600 433 401
